A=[47/60; 35/60; 1+15/60; 1+34/60; 1+14/60; ...
   1+23/60; 1+55/60; 36/50; 2+33/60; 1+37/60; ...
    35/60; 1+53/60; 1+8/60; 38/60; 28/60; ...
    1+5/60; 1+9/60; 34/60; 32/60; 1+58/60; ...
    2+32/60; 1+5/60; 1+11/60; 46/60; 1+8/60; ...
    1+21/60; 45/60; 36/60; 33/60; 1+54/60;...
    56/60; 55/60; 1+40/60; 50/60; 38/60;...
    1+7/60];


