function IJp = sub_Green_stdPts;
% Select locations 
% to plot StDev ellipses
% near Greenland
IJp =[  972         967
        1057         952
         960         853
         901         687
         817         562
         729         528
         631         433
         550         442
         525         544
         483         570
         537         643
         569         752
         609         884
         592        1022
         528         967
         512         876
         491         753
         494         662
         427         551
         404         429
         467         318
         506         178
         464          76
         478         479
         513         388
         630         102
         617         204
         619         357
         776          84
         748         216
         745         366
         780         421
         786         497
         689         421
        1059         410
         942         132
         943         248
        1003         320
         947         402
         871         447
         809         392
         809         284
         984         472
         901         588
        1006         550
        1091         513
        1159         509
        1197         668
        1192         749
        1114         872
         560         870
        1017         927
        1004         793
         969         696
         951         623
        1071         573
        1051         657
        1146         687
        1091         813
        1051         729];



return

